  9.8977198e-001  3.7806549e+001 -5.0213022e+001
  1.1826247e-001  4.3254532e+001 -5.0499962e+001
  9.8142569e-002  4.5703967e+001 -4.9295988e+001
  2.2879280e+000  4.9803807e+001 -4.6071139e+001
 -1.0925364e+000  5.3716581e+001 -4.3784552e+001
  3.0215061e+000  5.4611181e+001 -4.3201448e+001
 -1.1737018e+000  5.9319517e+001 -4.4995219e+001
  1.7363792e+000  6.4794592e+001 -3.9787353e+001
 -1.9763143e+000  7.6027708e+001 -4.0668416e+001
 -4.9756823e+000  7.4515734e+001 -3.7022342e+001
  7.6010834e-001  7.8306418e+001 -3.3261874e+001
  2.1813878e+000  7.4297136e+001  1.0756508e+001
  8.4188727e-001  6.6443172e+001  3.5793772e+001
  7.6924826e-001  7.0201988e+001  3.6966316e+001
  1.2953435e+000  6.4684786e+001  3.6262077e+001
  2.9548317e-001  7.1949403e+001  3.7559050e+001
 -7.3771329e-001  6.2132690e+001  3.7046122e+001
 -1.9410499e+000  5.2178966e+001  3.4033458e+001
 -2.6585374e+000  4.9987658e+001  3.2273234e+001
  9.8770307e-001  5.0296080e+001  2.9690158e+001
  3.1314315e-001  5.0592222e+001  2.8181884e+001
  1.3623857e-001  4.8924048e+001  2.7927135e+001
 -8.9712866e-001  2.8056307e+001  2.9441505e+001
 -4.0672422e+000  1.2964324e+001  2.8282969e+001
 -1.9494396e+000  6.3177771e+000  2.9879940e+001
 -1.5963560e-001 -7.2965228e+000  3.1247534e+001
 -7.4311982e-001 -2.0945997e+001  3.0718746e+001
  4.6021212e-001 -2.3594388e+001  3.0605631e+001
  2.4968496e+000 -1.6575154e+001  3.6276036e+001
  2.5976952e+000 -2.1374077e+001  3.4494124e+001
  2.1328410e+000 -2.5058300e+001  3.5680339e+001
  3.0854825e+000 -1.4273689e+001  3.3460391e+001
 -9.9072912e+000 -1.3910111e+001  3.7233674e+001
  3.4483867e+000 -5.4217038e+000  3.9066780e+001
  1.3519271e+000 -1.5502135e+001  3.6984682e+001
 -1.4629076e+000 -2.5308543e+001  2.5645937e+001
  2.6594447e+000 -2.9636274e+001  2.5391499e+001
  2.4654617e+000 -1.2604432e+001  2.7080585e+001
 -1.8442850e+000 -9.4614106e+000  2.6009974e+001
  4.2709865e-001 -1.6283984e+000  2.5625893e+001
  3.2298284e+000  7.5018983e-001  2.5616029e+001
  6.0047623e-001 -3.4494734e+000  2.5310627e+001
  7.0613901e-001 -5.4874234e+000  2.5302489e+001
  1.5426593e+000 -6.1204703e+000  2.3966981e+001
  3.0173652e+000 -3.0365471e+000  2.3595868e+001
  9.2957998e-001 -1.9306445e+000  2.3915985e+001
  2.4422485e+000 -1.5555266e+001  2.4353699e+001
 -9.4441229e+000 -2.8152161e+001  2.6717143e+001
  6.4986004e+000 -2.4141751e+001  2.8426673e+001
  8.1285907e-001 -2.4450883e+001  2.8197529e+001
 -1.5791971e+000 -2.2675844e+001  2.6282939e+001
 -3.2489687e+000 -1.5683847e+001  2.7744549e+001
  1.5261751e+000 -1.9927263e+001  2.7315824e+001
 -1.9286178e+000 -2.3413880e+001  2.5513973e+001
  1.4134148e+000 -2.5959036e+001  2.6670155e+001
  2.0766996e+000 -2.6090338e+001  2.5109620e+001
 -2.1324456e-001 -1.3371545e+001  2.5034356e+001
  1.9030259e+000 -1.3823301e+001  2.4729923e+001
  2.0039063e+000 -1.7744288e+001  2.5268678e+001
 -9.4901282e+000 -1.8188795e+001  2.2989295e+001
  2.6160412e+000 -1.8470627e+001  2.1751507e+001
  8.7064907e-001 -1.8908045e+001  2.2222815e+001
  1.5094052e+000 -1.9498100e+001  2.0263624e+001
 -1.7156910e+000 -5.7947340e+000  2.0090023e+001
  2.3361411e+000 -1.8330708e+000  1.9524359e+001
 -7.1275901e-001 -8.3327776e+000  1.8413600e+001
  1.3376676e+000 -8.7461122e+000  1.7597517e+001
  3.4521558e+000  5.4671760e-003  1.7174092e+001
  6.8430597e-001 -3.0191447e+000  1.6961756e+001
  2.3499534e-001  6.3555776e+000  1.7116468e+001
 -2.1853449e+000  4.2848246e+000  1.7873354e+001
 -2.5329862e+000 -2.1757314e+000  2.0673367e+001
  5.3887928e-001  1.2845554e+000  2.2078698e+001
  1.9000457e+000  1.2220105e+001  2.4355265e+001
  1.9871661e+000  1.3066361e+001  3.0245914e+001
 -3.2341091e-001  2.3538780e+001  3.6886850e+001
  4.0131916e-001  3.1662049e+001  4.5923733e+001
  1.0010284e+000  3.4916999e+001  5.4166757e+001
 -2.0003629e-001  2.6451003e+001  5.6994474e+001
 -3.8228279e-001  2.9246946e+001  6.0454440e+001
  7.0340636e-001  2.8765649e+001  5.9344999e+001
  5.0947337e-001  3.0881980e+001  6.5857138e+001
 -7.2816618e-001  2.3852313e+001  7.1440907e+001
 -1.8150642e+000  2.2934748e+001  7.6190856e+001
  5.8809528e-001  2.4946083e+001  8.0143796e+001
 -1.7180144e+000  2.5251127e+001  8.1860606e+001
 -2.0586532e+000  3.2965917e+001  8.1225232e+001
 -1.0195266e+000  3.3856220e+001  8.2569300e+001
  3.8375033e-001  3.0552586e+001  8.2030854e+001
 -6.6834102e-001  2.5262933e+001  8.1996685e+001
 -2.7363357e-001  2.8868181e+001  8.1069872e+001
 -1.9504131e+000  2.9057827e+001  8.0290101e+001
 -4.3029252e+000  2.8591981e+001  7.9833215e+001
  1.4690862e+000  3.2236129e+001  8.0095830e+001
  2.4043806e+000  3.3294954e+001  8.0692769e+001
 -2.6945391e-001  3.1123775e+001  8.8423114e+001
  4.5649300e-001  2.9813675e+001  8.7895222e+001
  1.1160505e+000  2.4686713e+001  8.5430649e+001
 -1.7245943e+000  2.2597841e+001  8.5128590e+001
 -1.4105356e+000  1.7831063e+001  8.2962337e+001
 -1.2068100e+000  1.9841945e+001  7.9910593e+001
 -2.3254978e+000  1.5573244e+001  7.7589006e+001
 -1.7169936e+000  6.8378327e+000  7.4727366e+001
  2.0494681e-001  5.4244567e+000  7.2689433e+001
  6.7280912e-001  6.6440231e+000  7.2339496e+001
 -1.0571971e+000  6.0602106e+000  7.4089786e+001
  1.7746345e+000  2.4888614e+000  7.3049843e+001
 -4.6116707e-001  5.4620540e-002  7.1584514e+001
 -1.1745488e+000 -5.0467603e+000  7.1098255e+001
 -3.4287347e+000  5.8976153e-002  6.7043062e+001
 -2.5169665e+000  4.1312912e+000  6.2988858e+001
  1.6464014e+000  2.1743669e+000  6.1923998e+001
  3.6798389e+000 -1.1550375e+001  6.3818131e+001
 -7.8445023e-001 -2.6919244e+001  6.2262780e+001
 -1.4636240e-001 -2.8504959e+001  6.0581709e+001
 -2.7265708e-001 -1.8078199e+001  6.0824207e+001
  3.1818720e+000 -1.7789461e+001  6.1169664e+001
  1.0685971e+000 -1.6063210e+001  6.0699103e+001
 -2.0694854e+000 -1.2984576e+001  6.0277758e+001
 -2.7699570e+000 -1.1771692e+001  5.5558873e+001
 -5.7548650e+000 -8.8922826e+000  5.3397506e+001
  1.8377968e+000 -7.1980202e+000  4.5418495e+001
  4.3852376e-001 -5.9125526e+000  4.3004699e+001
  3.2812605e+000 -6.1035738e+000  4.4654554e+001
  3.9796200e-001 -1.4692391e+001  4.6877086e+001
  3.3165579e+000 -2.1755615e+001  4.4854474e+001
 -2.8031978e-001 -2.2448208e+001  4.7094797e+001
  1.1927686e+000 -2.0531644e+001  4.6931046e+001
 -4.7430901e-001 -1.8722624e+001  4.6972547e+001
  6.6810944e-001 -1.4258181e+001  4.4701174e+001
 -1.4673311e+000 -2.0610050e+001  4.5124182e+001
  2.1122163e-001 -1.9603076e+001  4.2715005e+001
  6.4119868e-001 -1.5653062e+001  4.2607701e+001
 -5.0750557e-001 -1.3169562e+001  4.2453995e+001
  3.6354746e-001 -1.0949829e+001  4.2617177e+001
 -6.9719799e-001 -1.1293984e+001  4.2937717e+001
  2.3178975e+000 -1.6457490e+001  4.2505146e+001
 -1.3002669e+000 -1.9492638e+001  4.1467124e+001
 -3.0976189e+000 -1.8987370e+001  4.0903111e+001
  8.5690105e-001 -1.7093604e+001  3.9852540e+001
  7.6110751e-001 -1.6388275e+001  3.9784322e+001
  3.1356346e-002 -1.1964352e+001  3.9420385e+001
 -7.3795185e-002 -1.3765172e+001  3.6693498e+001
 -2.3065635e+000 -1.5834726e+001  3.4594480e+001
  2.7372450e+000 -1.8566407e+001  3.2192853e+001
  4.0145505e-001 -1.7612179e+001  3.2498644e+001
 -7.8240135e-001 -1.4643627e+001  3.3735194e+001
 -2.6853137e+000 -1.6995754e+001  3.3584691e+001
 -2.8022623e+000 -2.2848587e+001  3.2029006e+001
  1.9845014e+000 -3.3312288e+001  2.9316057e+001
 -2.6195212e-001 -3.8667847e+001  2.9280960e+001
  3.5361301e+000 -3.3202208e+001  2.8907699e+001
  3.0646777e+000 -2.4473203e+001  2.9400590e+001
  8.5305795e-001 -2.4025370e+001  3.0165097e+001
  5.5821037e-001 -2.4006304e+001  2.6294386e+001
 -1.8698829e+000 -2.5168786e+001  2.0922843e+001
  1.7997520e-002 -3.4417956e+001 -1.0855771e+001
 -8.9850392e-001 -3.6801150e+001 -3.4488808e+001
  1.8868551e-001 -4.1244032e+001 -4.1944265e+001
  2.1145182e+000 -4.5014996e+001 -4.2067898e+001
  1.3589812e+000 -4.7405982e+001 -4.9675756e+001
  1.9709949e+000 -5.7299590e+001 -6.1351736e+001
  1.1146591e+000 -5.4895820e+001 -5.3009578e+001
 -7.0825433e+000 -3.5766589e+001 -4.5440916e+001
  6.4657004e-001 -3.1873318e+001 -4.6168806e+001
  1.6660466e+000 -3.3477563e+001 -4.1166042e+001
  3.0221719e-001 -4.0072211e+001 -3.6387233e+001
 -1.2427913e+000 -3.0390678e+001 -2.2007446e+001
 -1.2599954e+000 -2.7249037e+001 -1.9194799e+001
 -1.3591434e+000 -2.2953281e+001 -1.7916392e+001
  1.2351841e+000 -1.6971433e+001 -1.4776013e+001
  1.4558881e+000 -1.3629038e+001 -1.3049535e+001
 -5.3895743e-001 -2.0402725e+001 -1.1001731e+001
  4.5265540e+000 -2.2230222e+001 -8.3684725e+000
  1.3673582e+000 -1.3446052e+001 -8.4958352e+000
 -1.0396862e+000 -1.5534950e+001 -1.2804526e+001
  3.3518179e-001 -1.2684401e+001 -1.3281370e+001
 -7.9595210e-001 -9.9496208e+000 -1.5755752e+001
  1.2791650e-001 -6.0599178e+000 -2.1249918e+001
 -1.3564730e+000 -1.9807696e+000 -3.2325380e+001
  1.3999664e-001  3.5736701e+000 -3.2627179e+001
  6.2931113e-001  5.9603240e+000 -3.7527765e+001
  5.3899178e-001  2.1836665e+000 -3.2260234e+001
 -4.9034625e-001 -9.9383807e-001 -3.0550682e+001
 -5.8356961e-001 -6.3577804e+000 -3.3711721e+001
  7.3803682e-001 -9.8353452e+000 -3.8688294e+001
  1.9849556e+000 -8.8116863e+000 -4.2473894e+001
  6.0005184e-001 -6.5008929e+000 -4.6302603e+001
  2.8045536e+000 -5.0481612e+000 -5.2514254e+001
  7.5142097e-001 -2.0991344e-001 -5.5881382e+001
  4.0203589e-001  1.4134075e+000 -4.5369697e+001
 -4.8153872e+000  4.3650942e+000 -3.2962908e+001
 -8.1966908e-001  1.6898371e+000 -2.9800466e+001
  6.8835855e-001  4.0491303e+000 -2.3542001e+001
  7.3109686e-001  3.5108269e+000 -1.4525041e+001
 -1.3391796e-001  5.4581216e+000 -1.7806479e+001
  6.2743891e-002 -3.3186538e+000 -2.2309993e+001
  8.7429566e-001 -4.4009145e+000 -2.4176228e+001
  1.4878596e+000 -3.6003213e+000 -2.8492628e+001
  1.3732672e-001 -2.8784682e+000 -2.6495045e+001
  9.3801446e-001  2.3879921e-001 -2.3242678e+001
  1.2371567e+000  3.6722969e+000 -2.3476719e+001
 -5.7923196e-001  1.9597298e+000 -1.4770349e+001
 -9.1185430e-001  2.4662226e+000 -1.3447640e+001
  4.2177459e-001  7.7977655e-001 -1.7463155e+001
  1.4660852e+000  3.9000968e-001 -2.2270333e+001
 -4.4635449e-001 -4.3314517e+000 -3.5329888e+001
 -9.2247487e-001 -8.7655657e+000 -3.9090573e+001
 -1.3630389e+000 -1.3583077e+001 -4.5603700e+001
  1.7272417e-001 -1.9184157e+001 -3.7286415e+001
 -6.0423320e+000 -1.4492296e+001  1.7892749e-001
  4.3763028e+000 -1.6101587e+001  2.0333411e+001
  5.7009055e-001 -1.4157998e+001  2.9223983e+001
  1.3576638e+000 -1.1563918e+001  2.0463965e+001
  3.4810019e-001 -6.9675465e+000  3.4424795e+000
 -2.9791442e-001 -6.7359118e+000 -1.0573601e+001
 -5.1367699e-001 -1.9918321e+000 -3.0416375e+001
  4.2200723e-001  1.7731249e+000 -3.4430292e+001
 -2.3352831e+000 -1.6478671e+000 -3.0529450e+001
 -2.9946697e-001  4.4902268e-002 -3.0680760e+001
  3.2578250e-001  9.9899713e-001 -3.4185327e+001
  1.6629985e+000 -2.8785223e+000 -3.2327756e+001
 -1.1635020e+000 -5.3787388e+000 -2.9527142e+001
  1.7308100e+000 -3.9262575e+000 -2.8281456e+001
 -7.3715417e-002 -1.8430236e+000 -2.4000467e+001
  4.0547703e-001 -1.6808307e+000 -2.7038355e+001
  6.6965258e-001 -4.2736784e+000 -3.9281085e+001
  1.1123583e-001 -5.5733817e+000 -4.5787858e+001
 -1.3759759e+000 -1.2230849e+001 -4.6627597e+001
 -1.0803976e+000 -1.6144078e+001 -4.4762638e+001
  6.0041997e-001 -1.8201839e+001 -3.8987553e+001
 -1.8938271e+000 -1.4092156e+001 -3.1344506e+001
  4.1014845e-001 -1.8405112e+001 -2.6243312e+001
  7.8159067e-001 -2.3720223e+001 -2.6983306e+001
 -2.2184151e-002 -2.3684005e+001 -2.9710199e+001
  4.3713998e-001 -2.4464960e+001 -2.9871106e+001
  1.3216764e+000 -2.4201078e+001 -2.9880927e+001
 -4.7677294e-001 -1.7112105e+001 -3.5145298e+001
  5.2895346e-001 -1.0918456e+001 -4.3553243e+001
 -3.0421911e-001 -1.3343017e+001 -4.4733877e+001
  5.8440980e-001 -1.2222940e+001 -4.1377154e+001
 -1.1794637e+000 -8.1135136e+000 -3.9189152e+001
 -1.1739827e+000 -6.2191404e+000 -3.6606648e+001
  3.1244412e-001 -3.3666018e+000 -3.9423194e+001
 -4.7679457e-001 -4.8582065e+000 -4.5778819e+001
  1.0143396e+000 -1.0421224e+001 -5.1990947e+001
 -2.9625453e-001 -1.0070411e+001 -5.3279435e+001
  1.8895792e-002 -8.9479179e+000 -5.5484719e+001
  7.7123021e-001 -1.0812635e+001 -5.4150606e+001
  1.0570440e-001 -1.3683871e+001 -6.4825684e+001
  6.3927430e-001 -1.6388437e+001 -7.6241476e+001
  3.1864059e-001 -1.6539627e+001 -7.3338172e+001
 -2.9448066e-001 -1.9854468e+001 -7.3843498e+001
 -1.4992718e-001 -2.0218947e+001 -7.1968471e+001
 -7.6231332e-001 -1.3604790e+001 -6.2216134e+001
  7.3296560e-001 -7.1268733e+000 -5.4489554e+001
  5.1789851e-001 -1.1784275e+001 -4.6824546e+001
 -6.5652153e-001 -9.8389693e+000 -4.4384085e+001
 -1.7776612e-001 -7.3553355e+000 -4.9820828e+001
  9.9978451e-001 -5.5788619e+000 -5.4628247e+001
  8.1060620e-001  1.9938219e+000 -5.2457696e+001
  2.8260554e-001  3.2136780e+000 -5.1564049e+001
  5.1878663e-001  6.1310256e+000 -5.5983103e+001
 -6.3734119e-001  6.5660923e+000 -5.1424554e+001
  8.3824029e-001  5.9266309e+000 -4.7839937e+001
 -1.2086841e+000  1.0013386e+001 -4.8038546e+001
  1.2948470e+000  1.0939159e+001 -4.0131295e+001
  7.6120691e-003  1.0776433e+001 -4.1080208e+001
 -1.3877437e+000  6.0582994e+000 -4.7558839e+001
  1.5379839e+000  5.3548180e+000 -5.3173235e+001
  2.1007642e-001  7.8196807e+000 -5.3127503e+001
  6.2952495e-001  6.2706228e+000 -5.2235657e+001
 -5.4330655e-001 -7.0174031e-001 -5.5042175e+001
  3.1639689e-001 -2.3145273e+000 -5.3770349e+001
  6.1961353e-001 -3.1515297e+000 -4.7966195e+001
 -1.1469442e-001 -5.6651317e+000 -4.8770300e+001
  6.2747883e-001 -9.3247261e+000 -4.7318608e+001
 -2.3474712e-001 -1.1247683e+001 -3.6319861e+001
 -2.3321583e-001 -8.9622533e+000 -2.9765490e+001
  4.0185274e-004 -1.0330326e+001 -3.5797509e+001
  5.0432234e-001 -1.5748881e+001 -4.0046493e+001
  1.3575885e-001 -2.2732650e+001 -3.8798885e+001
 -5.1763880e-001 -2.4306641e+001 -3.4290426e+001
  7.4106416e-001 -2.7493737e+001 -2.7510812e+001
  5.5860327e-001 -2.2212036e+001 -2.2611869e+001
  6.9791202e-001 -9.4816055e+000 -2.5368698e+001
  8.8370175e-001 -8.3095437e+000 -2.3179157e+001
 -1.0302576e-001 -9.0938969e+000 -2.4232597e+001
  5.4698113e-001 -9.8974781e+000 -3.4177790e+001
 -2.1552337e-002 -8.6214245e+000 -4.2837087e+001
  8.0043934e-001 -1.1641618e+001 -5.0093880e+001
 -9.9630772e-001 -1.5333359e+001 -4.6135144e+001
 -1.1871831e+000 -1.5570833e+001 -5.3010314e+001
  6.8706092e-001 -1.2853828e+001 -5.2331402e+001
  1.3459394e+000 -1.4701918e+001 -4.9928690e+001
  5.3116753e-001 -1.4634904e+001 -5.0791493e+001
  7.7948134e-001 -1.3564257e+001 -4.6165124e+001
 -2.1904765e-001 -1.7036451e+001 -5.0933261e+001
 -2.8136025e-001 -1.6988700e+001 -6.2417479e+001
  1.8307383e+000 -2.0491476e+001 -7.3251370e+001
  5.4249644e-001 -2.9521898e+001 -8.0560228e+001
 -1.7308025e-001 -2.5264953e+001 -8.8202293e+001
 -2.0335463e-001 -2.9315633e+001 -8.4587664e+001
 -7.9545686e-001 -2.9551080e+001 -8.6407566e+001
 -4.1179730e-001 -3.5048742e+001 -9.4792827e+001
 -1.9382979e-001 -3.9390740e+001 -9.5556362e+001
 -1.4939963e+000 -4.2717483e+001 -9.7513749e+001
  1.3172573e-001 -3.6716677e+001 -8.5698693e+001
  1.8011807e-001 -2.9185296e+001 -9.1249754e+001
  1.2697160e+000 -3.0678675e+001 -1.0107628e+002
 -2.6387955e-001 -3.8436506e+001 -1.1699298e+002
  3.1691240e-001 -4.2187938e+001 -1.0929398e+002
  4.7985218e-001 -3.9256546e+001 -1.0763460e+002
 -4.8027544e-001 -2.9813851e+001 -9.1879977e+001
 -2.1788796e+000 -3.3100104e+001 -7.2268019e+001
 -2.9447473e-001 -2.4530175e+001 -6.7391441e+001
 -1.6106631e+000 -2.8588734e+001 -6.5231256e+001
  2.3303206e+000 -2.9552003e+001 -5.3032271e+001
 -1.6793582e-001 -2.5539055e+001 -4.5237838e+001
  6.7261804e-002 -2.0578688e+001 -3.5550195e+001
  7.6880531e-001 -1.2302307e+001 -3.5821284e+001
 -3.1642016e-002 -1.2475849e+001 -2.9205199e+001
 -1.2327616e+000 -1.2175058e+001 -2.4345534e+001
  1.4836808e+000 -1.1231403e+001 -2.0853584e+001
  9.4147376e-001 -1.0650523e+001 -1.3289306e+001
  4.8126978e-002 -3.7745893e+000 -1.2750375e+001
  9.9840797e-001 -2.2014979e+000 -2.5828646e+001
  7.4224601e-001 -4.0206024e+000 -1.7863680e+001
 -3.0264278e-001 -4.7885175e+000 -9.1741646e+000
  9.0967970e-001 -4.0392223e+000 -1.2662408e+001
  1.1852473e+000 -3.2464492e+000 -9.8453208e+000
  5.5045416e-002 -1.5784287e+000 -4.4334448e+000
  6.2827343e-001 -9.7925202e-001 -7.4269342e+000
  7.7600707e-001 -1.2691654e+000 -6.6279292e+000
 -1.8086904e+000 -4.4153741e+000 -2.4332316e+001
 -1.8315193e-001 -6.0606757e+000 -2.7721642e+001
 -6.9486095e-001 -8.8259617e+000 -2.6008150e+001
  9.8852489e-001 -7.9419654e+000 -3.4239572e+001
 -1.2983054e+000 -1.0000066e+001 -3.4496741e+001
 -1.0293147e+000 -1.0007618e+001 -2.8115061e+001
 -2.3029800e+000 -1.2530894e+001 -3.1140102e+001
  2.9144718e+000 -1.9012724e+001 -3.6067507e+001
  2.6527035e-001 -3.0699898e+001 -3.1725540e+001
 -5.5356945e-001 -3.3125320e+001 -3.7565815e+001
 -1.7110296e-001 -3.5858794e+001 -5.5507950e+001
  3.6416639e-001 -3.8794988e+001 -7.0991151e+001
 -6.4220639e-001 -3.7401525e+001 -7.1622085e+001
 -1.3153366e+000 -3.3047072e+001 -6.5180582e+001
  1.0551975e-001 -3.1121177e+001 -5.8543918e+001
 -2.7915855e-001 -2.5034979e+001 -3.8772306e+001
 -8.6206890e-001 -2.4642713e+001 -3.1911284e+001
  9.2735401e-001 -2.6977291e+001 -3.0122668e+001
 -2.2366621e-001 -2.9061717e+001 -3.4313427e+001
  7.0882948e-001 -2.9513262e+001 -2.8175372e+001
 -4.0066119e-001 -2.8750770e+001 -2.5729091e+001
  8.7580649e-001 -1.9306154e+001 -2.0365540e+001
  1.9552530e+000 -1.1793952e+001 -2.4916215e+001
  1.8001862e-001 -8.4265121e+000 -3.4389745e+001
 -2.4606063e+000 -2.1560066e+000 -2.2626557e+001
  8.0470529e-001 -1.6385925e+000 -1.0342287e+001
  2.3016968e+000 -2.5309268e+000 -4.7134392e+000
  7.5804560e-001  1.9717416e+000 -1.4646916e+001
 -1.5442035e+000  7.2245944e+000 -3.1999460e+001
  1.8947252e-002  1.0779545e+001 -2.9135427e+001
 -1.1599726e+000  9.0911051e+000 -2.1335306e+001
  8.9559020e-001  1.0018663e+001 -1.9015940e+001
  6.6660886e-001  1.1474666e+001 -1.7501799e+001
  1.0118475e+000  1.4286991e+001 -2.8323547e+001
  1.2313607e+000  3.3155743e+001 -2.1946871e+001
  2.9562399e-001  3.3962652e+001 -2.1453393e+001
  1.7804091e+000  3.6455496e+001 -1.7587237e+001
 -4.4148679e-001  4.0143275e+001 -1.2923663e+001
 -5.0827901e-002  4.1307662e+001 -1.1283879e+001
 -3.5707494e-002  3.9481555e+001 -6.8192399e+000
 -7.9247765e-002  3.5390457e+001 -6.4213125e+000
 -4.3343153e-001  2.7913231e+001  2.9812471e+000
  2.2202957e+000  2.0194503e+001 -3.8438598e+000
  4.8102614e-001  2.9486257e+001  3.0910120e+000
 -1.2735556e+000  3.2752575e+001  1.2415371e+001
  8.5231792e-001  3.2519416e+001  1.4608122e+001
  6.8077760e-001  3.5113871e+001  2.5613229e+001
 -4.7855585e-001  3.9694897e+001  1.2344319e+001
 -5.1341802e-001  4.0992714e+001 -3.4787028e+000
  9.3364537e-001  3.4972381e+001  6.2735395e+000
  3.8570357e-001  3.5064280e+001  1.1552558e+001
  4.4518111e-001  3.5939598e+001  2.5331001e+001
  4.0275223e-001  3.4678266e+001  2.3810336e+001
  2.1288357e-001  2.8142256e+001  1.9305886e+001
 -5.1547201e-001  1.8083907e+001  3.2445153e+001
 -2.1534073e-001  9.3077200e+000  3.8656256e+001
  8.2669834e-002  8.6002575e+000  4.8552137e+001
 -5.6922928e-001  1.6755609e+001  4.7439987e+001
  1.3342775e-001  2.1089124e+001  4.1137177e+001
  6.5501973e-001  1.8837292e+001  3.1436918e+001
  3.8853861e-001  1.4809488e+001  3.3233089e+001
 -8.0437905e-001  8.9543253e+000  4.2008406e+001
 -1.2223612e-001  1.2263400e+001  3.6442735e+001
 -2.2312631e-001  1.4677455e+001  4.0936575e+001
  1.1978821e-001  1.2337223e+001  5.2514003e+001
 -5.9901254e-001  1.1819454e+001  5.5288940e+001
 -1.2598944e-001  1.5808370e+001  5.4055130e+001
  1.3893932e+000  1.9733516e+001  5.9937478e+001
 -4.3338773e-001  2.6071448e+001  5.7203805e+001
 -3.9029879e-001  2.9727284e+001  4.2814023e+001
  4.6220854e-001  3.0327904e+001  3.4957032e+001
 -5.0036816e-001  3.1702802e+001  3.4858022e+001
 -3.0170054e-001  3.2403669e+001  3.8483225e+001
 -4.7006027e-001  3.3383878e+001  2.8019170e+001
  3.3872073e-001  3.2824881e+001  3.5854888e+001
 -9.9988366e-002  3.7287719e+001  4.0011162e+001
  3.3518285e-001  4.0619357e+001  4.6787727e+001
 -6.5224474e-001  4.3426155e+001  4.8130878e+001
 -5.4588449e-001  4.0377618e+001  5.3689367e+001
  7.1757957e-001  4.4070768e+001  6.1574668e+001
 -8.8912756e-001  4.6762781e+001  5.8001367e+001
  1.1070986e+000  5.1291890e+001  6.3412241e+001
  9.0109736e-001  5.6216142e+001  7.1462893e+001
 -3.9978840e-001  5.5798640e+001  7.9006826e+001
  6.5053909e-001  5.3946612e+001  7.5901922e+001
  5.2780805e-002  4.5376048e+001  7.7424147e+001
  2.3379495e-001  4.4381103e+001  8.0406103e+001
  1.3624072e-001  4.8571030e+001  9.0504329e+001
 -6.0302234e-001  4.9285915e+001  9.8134179e+001
  5.4908781e-001  5.5695682e+001  1.0797960e+002
 -2.9676393e-002  5.3429890e+001  1.1490010e+002
  1.0241219e+000  4.9331975e+001  1.1530613e+002
 -1.5584521e+000  4.4668291e+001  1.0156241e+002
 -1.2378439e+000  3.3442776e+001  8.7457092e+001

